Best LR: 0.001
Iterations: 10000
Threshold: 0.5
Precision: 0.3779904306039239
Recall: 0.8061224488973345
F1: 0.514657976076139
AUC: 0.9586144571612125
