Best LR: 0.001
Iterations: 10000
Threshold: 0.5
Precision: 0.37799043062200954
Recall: 0.8061224489795918
F1: 0.5146579804560261
AUC: 0.9586144571610893
